% TRAINING WITH LAST ONE YEAR'S DATA %
Each feature has information about previous 1 days i.e., the first layer takes as input 1 features +1 bias

%------------------------------------------------------------------------------------------------------------------------------%

warning: operator -: automatic broadcasting operation applied
warning: quotient: automatic broadcasting operation applied
Mtrain : 139 Ntrain : 19
Mtest : 60 Ntest : 19

%------------------------------------------------------------------------------------------------------------------------------%

No. of hidden units used - 30

%------------------------------------------------------------------------------------------------------------------------------%

einit =  0.34641
einit =  0.43301
Initial values of Theta Used

initTheta1 =

 Columns 1 through 15:

   8.9557e-02  -3.0392e-01   1.0317e-01   1.5432e-02  -7.1567e-02  -2.2317e-02  -2.5996e-01   3.4167e-01   3.4605e-02   1.1479e-01   1.5422e-01   3.2438e-01  -2.1419e-01  -9.1684e-02   1.6329e-02
   8.7797e-02  -2.5971e-01  -2.0838e-01  -1.2666e-01  -1.4350e-01   1.7813e-01   6.7860e-02   2.2160e-01   3.2146e-01   1.0109e-01  -5.5762e-02  -2.5721e-01   2.2457e-01   1.5745e-01  -1.3735e-02
   3.0333e-01  -1.8127e-01   2.5264e-01   2.6148e-01   3.9630e-02   2.9762e-01   9.9461e-02   1.1502e-01   6.3664e-02   9.0495e-02  -1.0208e-01   7.2948e-02  -9.8145e-02   3.2111e-01  -3.3917e-01
   2.7134e-01  -2.8585e-02  -3.3428e-01  -1.8087e-01  -2.6180e-01  -2.3839e-01   5.8538e-02  -2.3161e-01  -2.2619e-01  -2.1172e-01  -1.4316e-01   4.8787e-02   1.9385e-01   2.1402e-01  -2.6921e-01
   2.8388e-01   7.6649e-02  -2.7448e-01  -3.2122e-01   9.4261e-03   5.6693e-02   5.1956e-02   1.3834e-01   3.1347e-01  -1.8576e-01   9.0602e-02   2.3381e-02  -2.1014e-02   1.7697e-01  -9.0849e-02
   7.6469e-02   3.4043e-01  -2.6497e-01   2.2709e-01  -2.3123e-02   3.1871e-01   6.2718e-02  -2.8683e-01   2.5120e-02   2.2080e-01   1.0305e-01   2.7021e-01   2.3944e-01  -2.0325e-01  -2.7404e-01
  -2.9745e-01   1.2329e-01   3.1095e-01   1.6386e-01   5.9435e-02  -2.4346e-01   2.0543e-01   3.2790e-01   1.2718e-01  -2.9100e-02  -4.2539e-02  -9.2525e-02  -1.7039e-01  -3.1760e-01   7.5879e-02
   3.1376e-01   9.1760e-02  -2.3010e-01  -1.6774e-02  -3.1871e-01  -1.8795e-01  -1.8262e-01  -1.4981e-02   1.0036e-01  -1.1620e-01  -1.8327e-01  -1.5283e-01  -2.6677e-01   1.5234e-01  -1.4719e-01
   2.5356e-01  -7.5585e-02  -1.9572e-01  -6.6038e-02   2.1622e-02  -6.3457e-02   2.1505e-01  -2.3216e-01   7.9889e-02  -2.6543e-01  -2.7462e-01  -2.2675e-01  -2.3401e-01  -1.5747e-01   1.3140e-01
   2.9122e-01   3.3000e-01   2.0034e-01   6.0329e-02  -2.5160e-01   3.0182e-01  -1.8347e-01  -6.3070e-02   1.3630e-01   4.5555e-02   2.9547e-01  -1.6550e-01   1.7416e-02   5.9056e-02   2.5080e-01
  -2.0775e-01   9.5950e-02   3.0143e-01   3.3022e-01   2.0797e-01  -3.4429e-01   2.3745e-01  -1.1937e-01   3.3961e-01  -1.1385e-01  -1.8595e-01  -3.7784e-02  -1.3180e-01   1.8710e-01   3.2374e-01
  -1.2952e-01  -3.1024e-02  -2.6591e-01  -6.7826e-02   1.6920e-01   2.0710e-01  -9.2455e-03  -2.5052e-01  -2.4409e-01  -2.1472e-02  -8.7863e-02   1.8436e-01   3.2588e-01  -3.1031e-01   3.4138e-01
   2.4502e-02  -2.8995e-01  -1.5680e-01   3.4513e-01  -2.4113e-01  -2.2150e-01   3.0883e-01  -2.8432e-01  -5.1850e-02   1.4340e-01   1.4033e-01  -6.3364e-02   1.6022e-01   1.9765e-01   2.5924e-01
  -1.7205e-01   5.8644e-03  -1.3453e-02  -2.1391e-01  -6.1607e-02   2.8998e-03   2.8776e-01  -1.4580e-01   2.0221e-01  -3.0181e-01  -1.7124e-01   1.3407e-02  -1.7160e-01   6.7034e-02  -4.0588e-02
   1.2014e-01  -1.5330e-01  -3.2255e-01  -8.7805e-02   3.9084e-02   2.9131e-01  -6.8438e-02  -1.2094e-01   5.3322e-02   2.8099e-02   7.3510e-02  -3.4424e-01  -5.9426e-02   1.9534e-01  -5.8334e-02
   2.4724e-01  -2.9921e-01  -1.9864e-01   8.3590e-02   3.9393e-02  -2.5732e-01   2.6364e-01  -3.1586e-02  -2.0106e-01  -3.2678e-01   1.1631e-01   2.7388e-01  -1.5014e-01  -2.0777e-01   7.5898e-02
  -2.9758e-01  -8.6937e-02   7.6878e-02   3.0913e-01   2.0243e-01  -2.7750e-01   2.3858e-02   3.0433e-01   3.1914e-01   2.9738e-01  -2.5941e-01  -2.6152e-01   7.1286e-02  -1.3234e-01   3.0326e-01
   2.1430e-01   9.8608e-02   2.4161e-01   1.5318e-01   1.3285e-01   3.3574e-01   1.0513e-01   1.1921e-01   8.4277e-02  -2.3374e-01   1.0850e-01   3.3665e-01   2.5476e-01   1.5679e-01  -1.7202e-01
  -6.8842e-02  -5.4329e-02  -2.5394e-01  -1.0188e-01   1.1296e-01  -1.2312e-01  -9.4568e-02  -3.9267e-02  -1.3385e-01  -3.0304e-01  -1.7009e-01   1.6066e-01  -2.6640e-01   6.6618e-02  -2.4844e-01
  -3.5007e-02   2.5697e-01  -2.3708e-01   1.2768e-01  -2.8887e-01   2.1813e-01  -1.9788e-01  -2.0603e-01   5.8244e-02   1.1869e-01  -2.0859e-01   4.8432e-02  -2.2197e-01  -3.2215e-02  -1.1472e-01
  -4.5761e-02   1.7732e-01   6.9298e-02   1.2314e-01   1.6118e-01  -8.0748e-02  -4.3568e-02  -1.6731e-01   1.5060e-01   3.1682e-01  -2.3842e-01   1.9018e-01  -1.4473e-01  -4.8277e-02  -2.2048e-01
   2.4059e-02   1.5728e-01  -7.4982e-03   4.3858e-02  -6.8864e-03   1.3652e-01  -2.7159e-01   4.4544e-02  -1.9298e-01  -2.0890e-01  -8.3412e-02   1.8130e-02  -4.1903e-02   2.6400e-02   5.4040e-02
   3.7160e-03   3.2459e-01   6.1216e-02  -2.6137e-01  -1.0958e-01  -2.8755e-01   1.1229e-01   1.1299e-01   5.2548e-02  -1.5547e-01  -1.1208e-01  -2.9242e-01   2.2789e-01   6.4439e-02   3.3245e-02
   1.1711e-01   2.4869e-02   2.8819e-01  -2.6177e-03   1.0267e-01   1.3431e-01   9.5659e-02  -6.4372e-02  -1.1761e-01  -1.1358e-02  -7.6019e-02  -1.4376e-01   2.6310e-01  -2.9298e-01   3.1771e-01
  -2.7266e-01  -1.2792e-01   2.4587e-01  -4.4382e-02   2.2435e-01  -3.2761e-01   2.0502e-01   2.1411e-02   1.5512e-01  -5.4264e-02   2.5468e-02   3.2383e-01  -9.7454e-02  -3.7314e-02   7.6929e-02
   2.9008e-01  -9.4155e-02   2.0565e-01  -1.1879e-01  -6.2455e-02  -2.7180e-01  -2.4554e-01  -2.6088e-02  -3.4113e-01  -5.0061e-02   1.6820e-01   3.9364e-02   3.3525e-01  -1.6048e-01   2.4592e-01
  -1.2162e-01   1.6434e-01  -2.3841e-01  -4.3857e-02  -2.9201e-01  -2.4055e-01   1.4273e-01   3.3286e-01   3.0530e-01   3.0359e-01  -9.0308e-02   3.2462e-01  -2.8397e-01   2.5113e-01  -2.6729e-01
  -2.0776e-01   3.3781e-02  -1.4366e-01  -2.8045e-01  -1.5303e-01  -2.3636e-01  -1.0417e-01  -3.4016e-01   3.1820e-01   1.5985e-01   1.5329e-01   2.4898e-01   9.7473e-02  -2.6136e-01   2.0671e-01
   1.9306e-01   2.8564e-01  -2.1221e-01   1.0202e-01  -1.6231e-01  -5.6941e-02  -2.4577e-01   9.4894e-02   1.9046e-01   1.4852e-01   3.3467e-02  -7.1614e-02   2.5710e-02  -3.2764e-02   8.1994e-02
  -1.7008e-01   1.6798e-02   2.4872e-01   2.7701e-01  -1.6127e-01  -2.9021e-01  -6.7371e-02  -5.5788e-02   2.7832e-02   4.0205e-02   1.9718e-01   3.0772e-01   3.0952e-01  -1.9442e-01  -5.7230e-02

 Columns 16 through 20:

   1.3519e-01   2.7401e-01  -2.7016e-01   1.2230e-01  -6.4278e-02
   2.3214e-01  -6.8115e-02  -1.6845e-01  -2.6983e-01   5.3416e-02
  -1.9287e-01   9.0361e-02   1.3165e-01   8.5287e-02  -1.9229e-01
   3.1548e-02  -3.3405e-01  -1.0810e-01  -2.3269e-01  -3.0857e-01
  -2.6737e-02  -3.2877e-01   2.5419e-01   1.6591e-01   1.4473e-01
  -6.3860e-02   1.9440e-01   1.8436e-01   4.7335e-02  -1.5464e-01
   1.5580e-01  -8.1333e-02  -3.2196e-01   1.4422e-01  -2.9934e-02
   1.6507e-02  -2.5526e-01  -1.2551e-01   4.1073e-02  -1.2874e-01
  -2.6058e-01  -4.1840e-02   5.2824e-02   9.6474e-02   7.5905e-02
   1.1923e-01   2.2080e-01   2.8705e-01  -1.3258e-01   1.8386e-02
   1.8856e-01  -9.0637e-02  -4.3271e-02  -3.0893e-01  -1.8145e-01
   2.0406e-01  -1.5830e-02  -3.0702e-01   3.3507e-01  -3.0587e-01
   2.8489e-02  -4.1429e-02   1.4994e-01  -1.6719e-01   1.7028e-01
   5.5246e-03  -2.8079e-01  -1.1584e-01   1.3761e-01  -2.2819e-01
   5.7414e-02   4.4168e-03   2.5747e-01   1.1047e-01  -1.9069e-01
   2.0092e-01  -2.0131e-01  -6.0636e-02  -1.5968e-02  -1.2555e-01
   3.2381e-01   1.8522e-01  -8.1933e-02   1.5448e-01   2.6373e-01
   2.7731e-01  -1.0354e-01   1.1507e-02   2.2406e-01  -4.8290e-02
   3.0718e-02   2.2368e-01   2.4127e-02   1.6529e-01   2.2326e-01
  -8.8095e-02   4.9983e-02   5.4511e-02  -1.7305e-01  -6.8777e-04
   1.1955e-01  -9.8704e-02   2.6987e-01   5.3281e-03  -1.6987e-01
   2.6864e-02   2.0463e-01  -3.4355e-01   3.1791e-01   2.7350e-01
  -1.9575e-01  -3.0340e-01  -3.9070e-02   1.3079e-01  -3.0626e-01
   2.6707e-03   3.0475e-01   7.8176e-02   1.8339e-01   3.2728e-01
  -5.3378e-02   5.1511e-02   1.8008e-01   2.2024e-01   2.2911e-01
   2.7117e-01   2.4826e-01  -3.3608e-01   1.0833e-01   8.3641e-02
   3.4370e-01   1.1256e-02  -1.1377e-02   2.3678e-01   1.6904e-01
   2.1046e-01  -1.7955e-01  -2.6392e-01  -2.4453e-01  -2.4921e-01
  -2.2183e-01   1.5193e-01  -1.3728e-01  -1.0468e-01  -6.7770e-03
   3.0212e-01  -1.7149e-02   2.8169e-01   2.7079e-01   9.8144e-02

initTheta2 =

 Columns 1 through 17:

  -0.2978239  -0.3105800  -0.1920925  -0.1321748   0.2258200  -0.1246528   0.1808429  -0.1318987   0.3499057  -0.0522789  -0.2798875  -0.3906768   0.3318694  -0.0957124   0.0388121   0.3084778  -0.0044485

 Columns 18 through 31:

  -0.0966436  -0.3137594   0.3368243  -0.1296791  -0.2852065  -0.2104645   0.2033186   0.2395145  -0.2011820  -0.3984654  -0.0372518   0.0987798  -0.2417559   0.0736749

%------------------------------------------------------------------------------------------------------------------------------%

Overall Accuracy before training (random initialization of parameters) - 46.2312

Test Accuracy before training (random initialization of parameters) - 53.3333

%------------------------------------------------------------------------------------------------------------------------------%

Training for 500000 epochs

warning: /home/arunk/Octave/Finance Oracle/fmincg.m: possible Matlab-style short-circuit operator at line 107, column 20
warning: /home/arunk/Octave/Finance Oracle/fmincg.m: possible Matlab-style short-circuit operator at line 98, column 50
warning: /home/arunk/Octave/Finance Oracle/fmincg.m: possible Matlab-style short-circuit operator at line 98, column 32
warning: /home/arunk/Octave/Finance Oracle/fmincg.m: possible Matlab-style short-circuit operator at line 118, column 26
warning: /home/arunk/Octave/Finance Oracle/fmincg.m: possible Matlab-style short-circuit operator at line 128, column 44
warning: /home/arunk/Octave/Finance Oracle/fmincg.m: possible Matlab-style short-circuit operator at line 128, column 32
warning: /home/arunk/Octave/Finance Oracle/fmincg.m: possible Matlab-style short-circuit operator at line 128, column 20
warning: /home/arunk/Octave/Finance Oracle/fmincg.m: possible Matlab-style short-circuit operator at line 134, column 27
warning: /home/arunk/Octave/Finance Oracle/fmincg.m: possible Matlab-style short-circuit operator at line 136, column 27
warning: /home/arunk/Octave/Finance Oracle/fmincg.m: possible Matlab-style short-circuit operator at line 140, column 27
warning: /home/arunk/Octave/Finance Oracle/fmincg.m: possible Matlab-style short-circuit operator at line 176, column 18
Iteration  6562 | Cost: 4.407346e-15 | Test Accuracy 58.3333
Test Accuracy - 58.3333 | with lambda - 0.0000

%------------------------------------------------------------------------------------------------------------------------------%

Training for 500000 epochs

Iteration  156808 | Cost: 5.263770e-02 | Test Accuracy 51.6667
Test Accuracy - 51.6667 | with lambda - 0.0050

%------------------------------------------------------------------------------------------------------------------------------%

Training for 500000 epochs

Iteration  99781 | Cost: 9.725704e-02 | Test Accuracy 61.6667
Test Accuracy - 61.6667 | with lambda - 0.0100

%------------------------------------------------------------------------------------------------------------------------------%

Training for 500000 epochs

Iteration  68054 | Cost: 1.352917e-01 | Test Accuracy 61.6667
Test Accuracy - 61.6667 | with lambda - 0.0150

%------------------------------------------------------------------------------------------------------------------------------%

Image saved



XXXXXXXXXXXXXXXXXXXXXXXXXXXXXXXXXXXXXXXXXXXXXXXXXXXXXXXXXXXXXXXXXXXXXXXXXXXXXXXXXXXXXXXXXXXXXXXXXXXXXXXXXXXXXXXXXXXXXXXXXXXXXXXXXXXXXXXXXXXXXXXXXXXXXXXXXXXXXXXXXXXXXXXXXXXXXXXXXXXXXXXXXX
XXXXXXXXXXXXXXXXXXXXXXXXXXXXXXXXXXXXXXXXXXXXXXXXXXXXXXXXXXXXXXXXXXXXXXXXXXXXXXXXXXXXXXXXXXXXXXXXXXXXXXXXXXXXXXXXXXXXXXXXXXXXXXXXXXXXXXXXXXXXXXXXXXXXXXXXXXXXXXXXXXXXXXXXXXXXXXXXXXXXXXXXXX
%%%%%%%%%%%%%%%%%%%%%%%%%%%%%%%%%%%%%%%%%%%%%%%%%%%%%%%%%%%%%%%%%%%%%%%%%%%%%%%%%%%%%%%%%%%%%%%%%%%%%%%%%%%%%%%%%%%%%%%%%%%%%%%%%%%%%%%%%%%%%%%%%%%%%%%%%%%%%%%%%%%%%%%%%%%%%%%%%%%%%%%%%%
XXXXXXXXXXXXXXXXXXXXXXXXXXXXXXXXXXXXXXXXXXXXXXXXXXXXXXXXXXXXXXXXXXXXXXXXXXXXXXXXXXXXXXXXXXXXXXXXXXXXXXXXXXXXXXXXXXXXXXXXXXXXXXXXXXXXXXXXXXXXXXXXXXXXXXXXXXXXXXXXXXXXXXXXXXXXXXXXXXXXXXXXXX
%%%%%%%%%%%%%%%%%%%%%%%%%%%%%%%%%%%%%%%%%%%%%%%%%%%%%%%%%%%%%%%%%%%%%%%%%%%%%%%%%%%%%%%%%%%%%%%%%%%%%%%%%%%%%%%%%%%%%%%%%%%%%%%%%%%%%%%%%%%%%%%%%%%%%%%%%%%%%%%%%%%%%%%%%%%%%%%%%%%%%%%%%%
XXXXXXXXXXXXXXXXXXXXXXXXXXXXXXXXXXXXXXXXXXXXXXXXXXXXXXXXXXXXXXXXXXXXXXXXXXXXXXXXXXXXXXXXXXXXXXXXXXXXXXXXXXXXXXXXXXXXXXXXXXXXXXXXXXXXXXXXXXXXXXXXXXXXXXXXXXXXXXXXXXXXXXXXXXXXXXXXXXXXXXXXXX
XXXXXXXXXXXXXXXXXXXXXXXXXXXXXXXXXXXXXXXXXXXXXXXXXXXXXXXXXXXXXXXXXXXXXXXXXXXXXXXXXXXXXXXXXXXXXXXXXXXXXXXXXXXXXXXXXXXXXXXXXXXXXXXXXXXXXXXXXXXXXXXXXXXXXXXXXXXXXXXXXXXXXXXXXXXXXXXXXXXXXXXXXX


R2


%------------------------------------------------------------------------------------------------------------------------------%

Each feature has information about previous 2 days i.e., the first layer takes as input 2 features +1 bias

%------------------------------------------------------------------------------------------------------------------------------%

warning: operator -: automatic broadcasting operation applied
warning: quotient: automatic broadcasting operation applied
Mtrain : 139 Ntrain : 38
Mtest : 59 Ntest : 38

%------------------------------------------------------------------------------------------------------------------------------%

No. of hidden units used - 30

%------------------------------------------------------------------------------------------------------------------------------%

einit =  0.29488
einit =  0.43301
Initial values of Theta Used

initTheta1 =

 Columns 1 through 15:

  -2.0633e-01  -1.8495e-02  -7.4397e-02   9.6300e-02  -2.5823e-01   1.9827e-01   1.4176e-01  -4.1426e-02   6.3155e-02  -1.2855e-01  -1.6447e-01   1.6485e-01  -3.5356e-03  -1.0256e-01  -2.7641e-01
   1.5006e-01  -1.3383e-01  -3.0788e-02   3.5208e-02   7.1709e-02   2.6031e-01  -2.4674e-01   1.9706e-01   6.0799e-02   1.2277e-01   2.2130e-01  -1.8851e-01   2.1370e-01  -1.4247e-01  -4.8003e-02
   5.7448e-02  -1.6851e-01  -1.6097e-01   5.4443e-02   3.9967e-02   6.4404e-02  -2.5584e-01   6.5420e-02  -1.2755e-01   3.7531e-02   1.9973e-02  -1.7081e-01  -2.4751e-01  -9.7986e-02   9.6157e-02
   1.6010e-01  -2.1819e-01   2.4827e-01  -2.8250e-01   3.3791e-02   2.5244e-01  -1.9422e-01  -2.0768e-01   2.0773e-01   1.0730e-02   1.6236e-01   2.8359e-01  -1.9467e-01  -1.5523e-01  -1.9558e-01
   2.3907e-01  -2.3807e-01   1.2413e-01  -1.1143e-01   2.7134e-01  -2.3657e-01   2.5509e-02  -2.8240e-01  -1.8448e-01  -2.0312e-01   2.6353e-01   1.2168e-01  -1.9658e-01  -2.2631e-01   2.2845e-01
   3.3732e-02   4.1646e-02  -6.5535e-03   6.4663e-03   5.9415e-02  -2.0849e-01  -2.2745e-01  -2.3927e-01  -6.5350e-02  -1.1142e-01   2.1719e-01  -2.4084e-01  -7.1431e-02  -1.8832e-01  -1.8448e-01
  -2.2055e-01   9.1220e-02  -6.2011e-02   1.0750e-01  -1.9176e-01   6.4094e-02   2.8938e-01   1.3711e-01   1.4452e-01   2.4030e-01   2.3959e-01   6.3734e-02  -1.0960e-01   2.5786e-01  -4.6742e-02
  -1.9545e-01   1.0663e-01  -1.9680e-01   1.9004e-02  -2.8595e-01   1.9447e-01  -1.5366e-01  -2.4319e-01  -2.0170e-01  -1.4278e-01   2.2474e-01   9.5376e-02  -2.8086e-01   2.1321e-01   2.1369e-02
   2.3302e-01  -3.3432e-02  -1.9334e-01  -1.1322e-01  -1.6065e-01   2.0498e-02  -4.7061e-02   3.3209e-02   2.3999e-01  -2.5513e-01   2.6183e-01   1.4947e-01   3.5753e-02  -9.4581e-02   7.6169e-02
   1.0200e-01   3.8535e-02  -1.0635e-01  -5.5503e-02  -1.8160e-01   5.4387e-02   4.3239e-02  -2.6283e-01  -2.3744e-01  -2.7596e-01  -2.2148e-01   2.5717e-01   9.7116e-02  -3.2112e-02   1.8219e-01
  -7.4125e-02  -6.9499e-03  -9.0789e-02  -2.2246e-01  -1.1720e-01  -2.8354e-01   2.0960e-01   1.0153e-03  -2.1093e-01   1.8615e-01   1.1983e-01   2.3048e-01   1.2911e-01  -7.8124e-02   2.2780e-01
   1.3610e-01  -1.8371e-01  -4.5595e-02   6.7477e-02   1.3108e-01  -1.4903e-01  -3.3899e-02   2.8917e-01   2.4139e-01   1.3622e-01   2.7812e-01  -1.8306e-01  -1.6952e-01   2.6717e-01   1.5425e-02
   1.7036e-02   2.8995e-02   9.9915e-02   3.5520e-02   2.5772e-01  -2.3540e-01  -5.0841e-02   1.9620e-01   2.5696e-01   2.7807e-01  -1.5401e-01   2.4182e-01  -8.7039e-02  -2.4713e-01  -5.3637e-02
  -1.1110e-01   2.4918e-02  -2.3330e-01   1.1106e-01   2.1808e-01  -1.1374e-01   2.7867e-01  -2.1425e-01   4.5807e-02  -1.7712e-01  -2.0845e-01   7.7468e-02   2.2169e-01  -2.5277e-01  -9.0437e-02
  -1.6217e-01  -2.0954e-01  -7.1209e-02  -5.1125e-02  -1.1799e-01   1.0798e-01   1.5489e-01  -2.2802e-01   7.3299e-02   1.0455e-01  -2.3574e-01  -3.5288e-02  -2.6467e-02  -2.0158e-01   2.2493e-02
  -2.7173e-03  -1.1876e-01   1.8529e-01   2.1480e-01   1.0816e-02  -2.6723e-01   1.3336e-01  -1.8051e-01  -4.0341e-02   9.1571e-02   2.2922e-01  -1.3283e-02   2.6977e-01   2.3398e-02   2.6889e-02
  -1.5207e-01  -1.5375e-01  -3.2040e-02   2.1449e-01  -2.8814e-01   5.5375e-03  -2.4254e-01  -1.5126e-01  -2.5897e-02   1.3589e-01   2.8609e-01  -2.3100e-01   2.4294e-01  -2.0345e-01   1.2508e-01
   1.7355e-01   2.8904e-01   1.8680e-01  -2.3301e-01   7.5572e-02   2.3086e-01  -1.1026e-01  -3.9556e-02   2.6659e-01  -2.4551e-02  -2.7445e-01   1.6117e-01   2.4898e-01  -2.8056e-02  -9.6572e-02
  -3.5382e-03   2.5373e-01   9.2536e-02  -6.2826e-02   5.8290e-02   2.8753e-01  -1.5818e-01  -1.3490e-01   3.6391e-02   1.9312e-01  -1.5602e-01   5.0476e-02   5.5928e-02  -8.3235e-02  -1.1504e-01
  -3.5888e-02   1.2871e-01   9.9475e-02  -2.7732e-01   2.1677e-02   2.6608e-01   2.5932e-01  -2.0804e-01   2.0902e-01  -2.6766e-02   2.6922e-01   1.0892e-01   2.4343e-01  -9.2495e-02   2.7324e-01
  -2.7917e-01   4.3824e-02   5.6808e-02  -1.9442e-01  -1.9927e-01  -2.1681e-01  -1.2145e-01  -1.3378e-01   2.8614e-01   1.4682e-01   6.2579e-02  -1.9451e-01   6.6194e-02  -2.4221e-01  -2.2606e-01
  -4.4160e-02  -1.0516e-01  -2.9210e-01   2.5680e-01  -2.1945e-01  -1.5858e-01  -1.2280e-01  -5.4714e-02  -2.3630e-02  -2.3701e-01   1.3404e-01   6.7738e-03   6.0630e-03   6.1704e-02  -2.6579e-01
   1.2484e-01   8.6921e-02  -1.9973e-02  -1.5305e-01  -5.8883e-02   4.4338e-02   8.5937e-02  -1.4821e-01  -2.5397e-01   2.5619e-01  -2.8601e-01   2.2754e-01   2.8214e-01  -1.1226e-01   1.9017e-01
  -2.6914e-01  -1.4676e-01  -2.4412e-01   1.7107e-01  -1.1826e-01  -8.4626e-03   3.1230e-02  -1.5307e-01   1.0651e-01   1.8892e-01  -2.4463e-02  -9.5732e-02  -1.1256e-01  -2.7430e-01   3.3795e-02
   1.7138e-01  -2.3217e-01  -4.1339e-02   4.5883e-02   9.8870e-02   1.8642e-01   1.2805e-01   1.1567e-01   2.5653e-01   2.5703e-01  -1.7034e-01   2.3278e-01  -1.6584e-01   7.2402e-02  -1.2757e-02
   2.5040e-01  -1.2961e-01   1.1324e-01  -6.2761e-02  -2.4441e-01  -2.0153e-02  -2.1548e-01   7.0604e-02  -2.9651e-02  -2.0336e-02   8.4893e-03   1.9949e-01  -2.3809e-01   8.8481e-02  -1.6760e-01
  -2.6145e-01   5.7741e-02   1.9323e-01   5.5449e-02   1.1058e-01  -2.8992e-01   1.1099e-01  -2.7727e-01   1.0818e-01   1.3758e-01   2.5959e-01  -2.7384e-01   7.9715e-02  -1.3216e-01   4.3605e-02
   1.6892e-01   1.4112e-01   9.8540e-02  -2.5534e-01  -1.1936e-01   2.6754e-01  -2.6273e-02  -9.4070e-02  -8.6126e-02   2.1350e-01   8.6844e-02   1.7972e-01   2.1088e-01   7.0440e-02  -6.7072e-02
  -8.4385e-02  -1.2306e-01  -4.4203e-02   6.8745e-02   1.9327e-01   1.5224e-01  -5.7592e-02  -2.3545e-01   2.3927e-01   1.9463e-01  -2.2938e-01  -7.2679e-02  -2.2685e-01  -3.2811e-02  -1.4702e-02
   1.7926e-01  -2.5028e-01   2.5113e-01   8.6602e-02  -1.2564e-01   1.0677e-01   1.1381e-01   2.2805e-01  -2.7162e-01  -2.9441e-01   1.6983e-04   1.7156e-01   1.4795e-01  -1.5925e-01   1.3300e-01

 Columns 16 through 30:

  -1.0859e-01   1.6857e-01  -1.1681e-01   2.9122e-01   2.0200e-01   2.4934e-01   1.7629e-01   7.4760e-02   1.1462e-02  -2.5797e-01  -1.1982e-01  -1.1142e-01   2.0823e-01   2.1074e-01   2.0767e-01
   1.0769e-02  -7.6087e-02   1.1462e-01   3.3428e-02   2.0561e-01   2.4109e-01   2.7298e-01  -5.3349e-02  -2.1104e-01  -1.8588e-01  -2.1173e-01   9.6166e-02  -2.9331e-01  -2.1981e-01  -2.0248e-01
   5.8094e-02   1.6444e-01  -1.1695e-01  -1.2554e-02   1.4297e-01  -5.4211e-02   1.9549e-02  -1.9542e-01  -2.1985e-01   2.8149e-01   5.7180e-02   7.2372e-02  -8.5029e-02  -1.6363e-01   1.3655e-01
  -1.3037e-01  -2.0177e-01   4.4522e-03  -1.2987e-01  -1.3410e-01  -1.4600e-01   7.2980e-02   5.2594e-02  -2.6789e-01  -6.7580e-02   2.4664e-01   2.6637e-01   4.3336e-02  -2.3926e-02  -1.0446e-01
   1.8609e-01   1.2271e-01  -2.1872e-02  -2.0612e-01  -1.5271e-01  -1.6907e-01  -1.8395e-01   6.2469e-02  -2.4606e-02  -2.4524e-01   2.6112e-01   2.0947e-02  -2.2804e-01  -7.9606e-02  -2.4170e-02
  -6.1638e-02  -9.6558e-02  -6.3137e-02  -1.2449e-01   2.6286e-01  -2.2843e-01   1.0819e-01   1.5303e-01  -2.1688e-01  -8.9929e-02  -3.9545e-02  -1.8066e-01   1.6674e-01   1.6526e-02   1.8804e-01
  -1.2870e-01   2.8681e-01   2.2351e-01  -1.1703e-01   9.9581e-02   3.4698e-02  -1.6147e-01   2.5700e-01   2.3773e-01  -2.6753e-01  -9.3368e-02  -1.7530e-01  -2.1429e-01  -9.1770e-02   1.8673e-01
  -1.7040e-01   8.4626e-02   2.3869e-01  -6.6506e-02  -8.5852e-02   2.8496e-01  -1.5417e-01  -5.8095e-02  -1.4342e-01  -2.8412e-01   2.6193e-01  -5.7608e-02   1.7211e-01  -2.6961e-01   3.0753e-02
  -2.0295e-01  -5.4886e-02  -8.2711e-04   2.1760e-01  -9.7858e-02  -1.3625e-01  -9.6343e-02   6.2494e-02   2.2463e-01  -1.3788e-01  -2.3468e-01  -1.7369e-02  -1.0316e-01  -2.9211e-01  -2.8058e-01
  -4.2761e-02   7.4947e-02   2.0039e-02  -1.2086e-01   2.4662e-01   2.2851e-02  -2.5127e-01  -1.8891e-01   6.3893e-02  -1.3951e-01   1.3871e-01  -2.5683e-01  -8.1024e-02   1.3886e-02   1.9727e-01
  -2.5317e-01   2.7244e-01  -1.3031e-01  -7.1268e-03  -1.6299e-01  -2.1021e-01  -2.0342e-01   1.7706e-02  -3.1706e-02   7.9996e-02  -1.9993e-01  -2.4381e-02   9.3360e-02  -2.1321e-01  -1.5015e-01
  -5.0866e-02  -1.3759e-01   4.0394e-02   8.4792e-02   1.8179e-01   3.6281e-02  -1.7249e-01   9.3671e-02  -6.1892e-02  -1.4081e-01   2.5685e-01  -2.8249e-02  -1.1493e-01  -9.1173e-02  -2.6952e-01
   1.5851e-01  -1.3763e-01   2.4341e-01  -1.0037e-01   9.7749e-02   1.2914e-01  -8.3794e-02   6.0946e-02   1.5617e-01  -2.6524e-01  -7.2075e-02  -9.2288e-02   1.1825e-02   7.2429e-02   1.6896e-01
   1.2850e-01  -1.1597e-02   1.0597e-01  -1.9082e-01   2.2932e-01   1.9076e-01  -2.5794e-01  -1.2987e-01  -2.2938e-01   5.7143e-02  -1.4526e-02   2.9266e-01  -1.1110e-01  -2.4408e-01   2.0374e-02
  -1.2487e-01   1.0367e-01  -8.7632e-02  -2.4049e-03  -1.4768e-01  -2.5458e-01  -5.6517e-02  -1.6771e-02  -1.9725e-01   1.9568e-01  -2.3951e-01  -4.6900e-02  -5.6193e-02   8.7090e-02  -1.0823e-02
   2.3370e-01   1.5591e-01  -1.1749e-01  -1.0053e-01  -2.9392e-01  -5.5512e-02   2.1921e-02  -2.0456e-01   2.0460e-01  -2.5605e-02  -2.6910e-01   1.3652e-01  -5.9270e-02   2.3011e-01   2.7236e-01
   1.9180e-01   4.8753e-02   4.2905e-03   1.8319e-01   2.0041e-02   2.7800e-01  -9.3037e-02   1.1639e-02   6.0333e-02  -1.5013e-01  -2.3169e-01  -1.9261e-01  -1.0420e-01   1.1008e-01  -2.2811e-01
   1.0677e-01   2.5761e-01   1.0361e-04   2.5123e-01   1.9650e-01   2.4766e-01  -2.7848e-01   2.8087e-01   7.7772e-02   9.3058e-02   1.2951e-01  -3.3941e-02  -7.0015e-02   6.2169e-02   2.3074e-01
   1.1669e-01   1.1520e-01   9.0099e-02   1.1250e-01   2.7074e-01  -2.5018e-01   2.3645e-01  -1.7566e-01   9.4018e-02   1.1885e-01  -1.0500e-03  -8.8649e-02  -1.8690e-01   2.2425e-01  -1.3893e-01
  -2.3396e-02   3.8563e-02  -2.0009e-01   1.2645e-01   2.5102e-01   3.9851e-02  -3.8310e-02   5.4817e-02   6.7820e-02   2.7980e-01   9.2900e-02  -1.1039e-01  -3.7414e-02   1.0655e-01   1.7449e-01
   1.2306e-01  -9.9731e-02   6.7761e-02  -2.2471e-01   1.6185e-01  -5.6047e-02   2.6018e-01  -1.3318e-01  -7.2220e-02  -2.8672e-01   1.5408e-01  -1.5570e-01   2.3175e-01   5.0007e-02   2.5974e-01
  -4.5519e-02  -1.9445e-01   1.5816e-02   5.0738e-02   1.0594e-01   2.6612e-01   2.5797e-01  -2.7401e-01   2.2997e-01   1.6603e-01  -6.3599e-02   1.4520e-02   1.3091e-01  -2.4878e-01  -9.6285e-02
  -2.9466e-01  -2.4655e-01   8.9858e-02  -2.3656e-01   2.1097e-01  -1.5396e-01  -1.0290e-02  -2.4517e-01   1.1366e-02   8.6718e-02  -2.0780e-01   7.5470e-02  -3.4315e-02  -5.1730e-02   3.7843e-02
  -2.4143e-01   2.5120e-01  -1.3421e-01   2.8041e-02   6.3713e-02  -2.8855e-01  -2.6145e-01  -1.8406e-01  -1.4608e-01  -2.4698e-01   2.4732e-01  -2.5171e-01   2.4271e-01   2.2720e-01   1.4088e-01
  -8.0845e-02  -1.2540e-02   8.3912e-02  -1.7156e-01  -1.1168e-01   1.2465e-01   7.1013e-03   1.8886e-01  -1.6822e-01   1.4572e-01  -3.4647e-02   2.4327e-01   1.9070e-01   5.9843e-02  -1.6681e-01
  -5.9353e-02   1.8016e-01   6.0501e-02   2.2388e-01  -1.7221e-01  -8.6652e-02   6.0741e-02  -5.4676e-02  -1.9922e-01  -4.0018e-02  -8.1804e-02  -2.3183e-01  -4.3100e-02   1.0508e-01   1.0541e-01
  -2.0853e-01  -2.4184e-01   1.6999e-01  -2.5792e-01  -1.9713e-02  -1.3778e-05   2.7764e-01  -1.2996e-01  -4.5894e-02  -1.9769e-02   2.2674e-01  -4.6691e-02   1.6921e-01   2.7456e-01   1.4964e-01
   2.5701e-01   6.8429e-02   1.8755e-01  -3.5702e-02   2.7943e-02  -1.1601e-01  -3.0727e-02  -2.1222e-01   1.6846e-01  -1.9146e-01   2.6147e-01   2.5856e-01   2.9106e-01   1.0300e-01  -6.7723e-03
  -9.4381e-02   1.6317e-01  -1.2152e-01   6.5380e-02   1.9232e-01  -5.0669e-02  -3.6353e-02   2.8191e-01   2.4936e-01   7.5461e-02  -2.8634e-01   4.4780e-02  -1.1064e-01   6.6853e-02  -2.3093e-01
   2.4068e-01   2.4838e-01  -2.4883e-02   2.7621e-02  -2.1733e-01  -2.9284e-01   2.1623e-03  -6.8594e-03  -2.3398e-02  -2.7754e-01  -2.6125e-01   2.4667e-01  -1.3474e-01   1.6108e-01   1.4232e-01

 Columns 31 through 39:

  -2.4671e-01   2.1444e-01   1.6334e-01   2.5864e-01  -1.7634e-01   1.0403e-01  -2.0360e-01  -2.7294e-01   1.3771e-01
  -1.3931e-01   2.2645e-01  -7.5158e-02   3.0371e-02  -2.1685e-01  -1.4076e-01   1.3679e-01  -6.5303e-02  -2.1519e-01
   2.8635e-02  -2.5087e-01   6.7680e-02  -1.0260e-01  -2.0958e-01   3.1052e-02  -7.7459e-02  -2.2150e-01   2.7069e-01
   2.9084e-01  -2.8716e-01   2.0396e-01  -1.0855e-01   9.1827e-02  -1.4152e-01   8.2806e-02   2.8655e-01   1.8774e-01
  -2.3446e-01   8.9763e-02  -1.7965e-01   1.5461e-01  -9.7417e-02  -1.3450e-01   6.1978e-02  -2.6785e-01   1.4098e-01
   2.4109e-01   1.9613e-01  -3.5326e-02   2.2171e-01  -1.6619e-01   1.3745e-01   2.3003e-01  -5.6622e-03   2.1384e-01
  -1.1145e-02  -1.0315e-02   1.6599e-01  -2.6315e-01   2.1813e-01   1.6354e-01  -5.6179e-02   2.4514e-01  -2.6173e-01
  -1.9902e-01   7.8405e-02  -5.7677e-02  -7.5601e-02   2.9475e-01   3.9312e-03  -2.0239e-01   1.9533e-01   1.5967e-01
   6.5392e-02  -1.3763e-01  -2.5878e-01  -2.9174e-01   2.4527e-01   9.0431e-02  -6.7200e-02   5.9798e-03  -2.6312e-01
  -2.0785e-01  -2.9468e-01   2.5252e-01  -1.6908e-01  -2.1110e-01   1.2423e-01   1.9076e-02  -1.9590e-01  -2.5925e-02
   1.3248e-02   2.2225e-01  -1.6566e-01  -2.2168e-01  -2.6588e-01   2.4016e-01   2.6724e-01   2.8278e-01   2.6614e-01
  -2.3949e-01  -1.7761e-01   1.6827e-01   4.5117e-02   1.0560e-01  -4.9292e-02  -2.2683e-01   2.5534e-01   1.5506e-02
   1.2418e-01  -2.7985e-01   9.8452e-02   2.5707e-02   1.6748e-01   2.7858e-02  -1.4209e-01   1.7603e-01  -5.5593e-02
   2.8093e-01  -1.5239e-01  -7.7159e-03   4.1781e-02   3.5321e-02   7.9510e-02  -1.2120e-01  -1.1713e-01   1.4396e-01
   1.5902e-01  -1.8598e-01   2.3897e-01   2.9029e-01   2.8459e-01  -2.6242e-01   2.2248e-01   3.9279e-02  -9.8348e-02
  -2.9960e-02  -1.9962e-01   1.6432e-01   1.9843e-01   5.7107e-02   2.1648e-01  -1.5861e-01  -2.1350e-01  -2.5095e-01
  -7.0070e-02  -3.5133e-03  -2.4964e-01   2.0841e-01   1.5303e-01  -2.7457e-01   5.6144e-02   5.1839e-02  -1.3249e-01
   5.2816e-02  -6.7800e-02   2.5613e-01   6.7370e-02  -1.7684e-01   5.9952e-02  -2.7655e-01  -1.6307e-02   2.3136e-02
   3.8518e-02  -2.2925e-01  -1.1996e-01  -1.8255e-01  -1.6630e-01   1.9563e-01   2.7321e-01   1.5936e-01  -2.6129e-01
   7.9244e-02  -1.3213e-01   1.0155e-01   2.7130e-01   2.1330e-01  -2.1654e-01  -1.0018e-01   2.0468e-02  -1.1177e-02
  -6.6229e-02  -1.6440e-01   2.7887e-03   6.9782e-02  -2.7322e-02  -2.7339e-01  -5.6562e-02   1.9589e-01  -1.5746e-01
  -1.9318e-01   1.9273e-01   2.4447e-01   8.9975e-02  -3.0178e-02  -1.3057e-01  -1.4733e-01   2.4726e-01  -3.1399e-02
  -2.8890e-01  -7.4137e-02   1.0567e-01   2.3956e-01  -2.5070e-01   5.3947e-03  -7.7756e-02   2.6679e-01  -8.0863e-02
   5.1330e-02  -6.7631e-02  -5.6017e-02  -2.5157e-01   2.0916e-01   2.2040e-01  -2.3454e-01   1.5397e-01   1.5345e-02
  -4.1260e-02  -4.8665e-02   1.4170e-01   1.7139e-01   7.3236e-02  -4.9067e-02  -2.6696e-01   4.8723e-03  -1.4955e-01
   2.9336e-01   1.4211e-01  -2.1986e-01   1.3186e-01  -2.5052e-02   2.1400e-01  -1.6120e-01   2.2508e-02   6.7442e-02
  -2.2814e-01   1.7727e-01   2.1956e-01  -2.0879e-01  -1.6884e-01  -2.0129e-01  -2.1143e-01  -2.4637e-01   1.6471e-01
   2.4555e-01   2.0195e-01  -3.2082e-02   7.7304e-02  -2.5103e-01  -1.2439e-01   1.6821e-01   1.4025e-01  -2.8879e-01
   2.3097e-01   2.1528e-01   1.6321e-01  -1.6758e-02   2.0450e-01   1.6054e-01   2.0735e-01  -1.0156e-01  -1.1879e-01
  -1.8793e-01   5.1008e-02  -2.3839e-01  -2.7077e-01   1.9573e-01  -7.5583e-02  -1.5607e-01   8.3733e-02  -1.0106e-01

initTheta2 =

 Columns 1 through 18:

   0.194961   0.262686   0.244316   0.362964  -0.118957   0.293898   0.101122   0.020738   0.014957   0.232695   0.371327   0.174818   0.200675   0.149167  -0.178235   0.425733  -0.019533  -0.399880

 Columns 19 through 31:

  -0.058433   0.040349   0.098394   0.197801   0.132142  -0.180474   0.033074   0.172233   0.311019  -0.264047   0.175264   0.354367  -0.155362

%------------------------------------------------------------------------------------------------------------------------------%

Overall Accuracy before training (random initialization of parameters) - 53.5354

Test Accuracy before training (random initialization of parameters) - 47.4576

%------------------------------------------------------------------------------------------------------------------------------%

Training for 500000 epochs

warning: /home/arunk/Octave/Finance Oracle/fmincg.m: possible Matlab-style short-circuit operator at line 107, column 20
warning: /home/arunk/Octave/Finance Oracle/fmincg.m: possible Matlab-style short-circuit operator at line 98, column 50
warning: /home/arunk/Octave/Finance Oracle/fmincg.m: possible Matlab-style short-circuit operator at line 98, column 32
warning: /home/arunk/Octave/Finance Oracle/fmincg.m: possible Matlab-style short-circuit operator at line 118, column 26
warning: /home/arunk/Octave/Finance Oracle/fmincg.m: possible Matlab-style short-circuit operator at line 128, column 44
warning: /home/arunk/Octave/Finance Oracle/fmincg.m: possible Matlab-style short-circuit operator at line 128, column 32
warning: /home/arunk/Octave/Finance Oracle/fmincg.m: possible Matlab-style short-circuit operator at line 128, column 20
warning: /home/arunk/Octave/Finance Oracle/fmincg.m: possible Matlab-style short-circuit operator at line 134, column 27
warning: /home/arunk/Octave/Finance Oracle/fmincg.m: possible Matlab-style short-circuit operator at line 136, column 27
warning: /home/arunk/Octave/Finance Oracle/fmincg.m: possible Matlab-style short-circuit operator at line 140, column 27
warning: /home/arunk/Octave/Finance Oracle/fmincg.m: possible Matlab-style short-circuit operator at line 176, column 18
Iteration  5316 | Cost: 4.414774e-14 | Test Accuracy 40.6780
Test Accuracy - 40.6780 | with lambda - 0.0000

%------------------------------------------------------------------------------------------------------------------------------%

Training for 500000 epochs

Iteration  151218 | Cost: 2.934280e-02 | Test Accuracy 44.0678
Test Accuracy - 44.0678 | with lambda - 0.0050

%------------------------------------------------------------------------------------------------------------------------------%

Training for 500000 epochs

Iteration  90032 | Cost: 5.293128e-02 | Test Accuracy 49.1525
Test Accuracy - 49.1525 | with lambda - 0.0100

%------------------------------------------------------------------------------------------------------------------------------%

Training for 500000 epochs

Iteration  72744 | Cost: 7.269175e-02 | Test Accuracy 50.8475
Test Accuracy - 50.8475 | with lambda - 0.0150

%------------------------------------------------------------------------------------------------------------------------------%

Image saved

XXXXXXXXXXXXXXXXXXXXXXXXXXXXXXXXXXXXXXXXXXXXXXXXXXXXXXXXXXXXXXXXXXXXXXXXXXXXXXXXXXXXXXXXXXXXXXXXXXXXXXXXXXXXXXXXXXXXXXXXXXXXXXXXXXXXXXXXXXXXXXXXXXXXXXXXXXXXXXXXXXXXXXXXXXXXXXXXXXXXXXXXXX
XXXXXXXXXXXXXXXXXXXXXXXXXXXXXXXXXXXXXXXXXXXXXXXXXXXXXXXXXXXXXXXXXXXXXXXXXXXXXXXXXXXXXXXXXXXXXXXXXXXXXXXXXXXXXXXXXXXXXXXXXXXXXXXXXXXXXXXXXXXXXXXXXXXXXXXXXXXXXXXXXXXXXXXXXXXXXXXXXXXXXXXXXX
%%%%%%%%%%%%%%%%%%%%%%%%%%%%%%%%%%%%%%%%%%%%%%%%%%%%%%%%%%%%%%%%%%%%%%%%%%%%%%%%%%%%%%%%%%%%%%%%%%%%%%%%%%%%%%%%%%%%%%%%%%%%%%%%%%%%%%%%%%%%%%%%%%%%%%%%%%%%%%%%%%%%%%%%%%%%%%%%%%%%%%%%%%
XXXXXXXXXXXXXXXXXXXXXXXXXXXXXXXXXXXXXXXXXXXXXXXXXXXXXXXXXXXXXXXXXXXXXXXXXXXXXXXXXXXXXXXXXXXXXXXXXXXXXXXXXXXXXXXXXXXXXXXXXXXXXXXXXXXXXXXXXXXXXXXXXXXXXXXXXXXXXXXXXXXXXXXXXXXXXXXXXXXXXXXXXX
%%%%%%%%%%%%%%%%%%%%%%%%%%%%%%%%%%%%%%%%%%%%%%%%%%%%%%%%%%%%%%%%%%%%%%%%%%%%%%%%%%%%%%%%%%%%%%%%%%%%%%%%%%%%%%%%%%%%%%%%%%%%%%%%%%%%%%%%%%%%%%%%%%%%%%%%%%%%%%%%%%%%%%%%%%%%%%%%%%%%%%%%%%
XXXXXXXXXXXXXXXXXXXXXXXXXXXXXXXXXXXXXXXXXXXXXXXXXXXXXXXXXXXXXXXXXXXXXXXXXXXXXXXXXXXXXXXXXXXXXXXXXXXXXXXXXXXXXXXXXXXXXXXXXXXXXXXXXXXXXXXXXXXXXXXXXXXXXXXXXXXXXXXXXXXXXXXXXXXXXXXXXXXXXXXXXX
XXXXXXXXXXXXXXXXXXXXXXXXXXXXXXXXXXXXXXXXXXXXXXXXXXXXXXXXXXXXXXXXXXXXXXXXXXXXXXXXXXXXXXXXXXXXXXXXXXXXXXXXXXXXXXXXXXXXXXXXXXXXXXXXXXXXXXXXXXXXXXXXXXXXXXXXXXXXXXXXXXXXXXXXXXXXXXXXXXXXXXXXXX

R3

Almost as same as the previous one, but varying the values of lambda , starting from 0.02
And of course, with different initial Theta Values

XXXXXXXXXXXXXXXXXXXXXXXXXXXXXXXXXXXXXXXXXXXXXXXXXXXXXXXXXXXXXXXXXXXXXXXXXXXXXXXXXXXXXXXXXXXXXXXXXXXXXXXXXXXXXXXXXXXXXXXXXXXXXXXXXXXXXXXXXXXXXXXXXXXXXXXXXXXXXXXXXXXXXXXXXXXXXXXXXXXXXXXXXX
XXXXXXXXXXXXXXXXXXXXXXXXXXXXXXXXXXXXXXXXXXXXXXXXXXXXXXXXXXXXXXXXXXXXXXXXXXXXXXXXXXXXXXXXXXXXXXXXXXXXXXXXXXXXXXXXXXXXXXXXXXXXXXXXXXXXXXXXXXXXXXXXXXXXXXXXXXXXXXXXXXXXXXXXXXXXXXXXXXXXXXXXXX
%%%%%%%%%%%%%%%%%%%%%%%%%%%%%%%%%%%%%%%%%%%%%%%%%%%%%%%%%%%%%%%%%%%%%%%%%%%%%%%%%%%%%%%%%%%%%%%%%%%%%%%%%%%%%%%%%%%%%%%%%%%%%%%%%%%%%%%%%%%%%%%%%%%%%%%%%%%%%%%%%%%%%%%%%%%%%%%%%%%%%%%%%%
XXXXXXXXXXXXXXXXXXXXXXXXXXXXXXXXXXXXXXXXXXXXXXXXXXXXXXXXXXXXXXXXXXXXXXXXXXXXXXXXXXXXXXXXXXXXXXXXXXXXXXXXXXXXXXXXXXXXXXXXXXXXXXXXXXXXXXXXXXXXXXXXXXXXXXXXXXXXXXXXXXXXXXXXXXXXXXXXXXXXXXXXXX
%%%%%%%%%%%%%%%%%%%%%%%%%%%%%%%%%%%%%%%%%%%%%%%%%%%%%%%%%%%%%%%%%%%%%%%%%%%%%%%%%%%%%%%%%%%%%%%%%%%%%%%%%%%%%%%%%%%%%%%%%%%%%%%%%%%%%%%%%%%%%%%%%%%%%%%%%%%%%%%%%%%%%%%%%%%%%%%%%%%%%%%%%%
XXXXXXXXXXXXXXXXXXXXXXXXXXXXXXXXXXXXXXXXXXXXXXXXXXXXXXXXXXXXXXXXXXXXXXXXXXXXXXXXXXXXXXXXXXXXXXXXXXXXXXXXXXXXXXXXXXXXXXXXXXXXXXXXXXXXXXXXXXXXXXXXXXXXXXXXXXXXXXXXXXXXXXXXXXXXXXXXXXXXXXXXXX
XXXXXXXXXXXXXXXXXXXXXXXXXXXXXXXXXXXXXXXXXXXXXXXXXXXXXXXXXXXXXXXXXXXXXXXXXXXXXXXXXXXXXXXXXXXXXXXXXXXXXXXXXXXXXXXXXXXXXXXXXXXXXXXXXXXXXXXXXXXXXXXXXXXXXXXXXXXXXXXXXXXXXXXXXXXXXXXXXXXXXXXXXX

R4

%------------------------------------------------------------------------------------------------------------------------------%

Each feature has information about previous 2 days i.e., the first layer takes as input 2 features +1 bias

%------------------------------------------------------------------------------------------------------------------------------%

warning: operator -: automatic broadcasting operation applied
warning: quotient: automatic broadcasting operation applied
Mtrain : 175 Ntrain : 38
Mtest : 75 Ntest : 38

%------------------------------------------------------------------------------------------------------------------------------%

No. of hidden units used - 50

%------------------------------------------------------------------------------------------------------------------------------%

einit =  0.25965
einit =  0.33968
Initial values of Theta Used

initTheta1 =

 Columns 1 through 15:

   1.9954e-02  -2.0384e-01  -4.0823e-02   1.4104e-01  -9.7287e-02   1.1925e-01  -8.0035e-02   1.7788e-01  -1.5001e-01   1.8036e-01   1.0514e-01  -2.2954e-01   4.0078e-02  -1.2309e-01  -9.5380e-03
   2.0112e-01   2.2719e-01   1.0304e-01  -1.6573e-01  -1.3395e-01  -2.5750e-01   4.3585e-02   2.5352e-01   5.8080e-02  -2.4260e-01  -1.2059e-01  -1.8422e-01   2.4127e-01  -3.4031e-02   1.7619e-01
  -1.5689e-01  -5.3464e-02   2.8421e-02  -2.2696e-01   1.3801e-01   2.1919e-03   3.2782e-02  -2.2542e-02  -3.1504e-02   9.2854e-02   2.3687e-01  -2.5518e-01  -6.7580e-02   2.0948e-02   1.7555e-01
   1.4413e-01  -1.0220e-02   8.0226e-02   6.5708e-02   1.5445e-02   1.6684e-01  -1.1520e-01  -1.6456e-01  -1.8945e-02  -2.3382e-01   5.6563e-02  -1.2349e-01   1.4963e-01   1.0605e-01   2.4057e-01
   7.1074e-02   9.7600e-02  -5.4616e-02   2.5636e-01  -9.8670e-02   1.7929e-01  -3.2556e-02   1.1101e-01  -1.6141e-01   7.0926e-02   2.3097e-01  -7.8459e-02  -7.8570e-02   1.6662e-01   2.1528e-01
   1.1221e-01  -1.9559e-01   5.2234e-02  -1.0676e-01  -1.4109e-01  -1.1680e-02  -1.2996e-01  -6.7132e-02  -1.7895e-01   5.7318e-02   9.7271e-02   1.0875e-01  -1.1896e-01  -1.2532e-01   8.0236e-02
  -1.9676e-01   2.2315e-01  -1.7512e-01   2.0464e-01   1.2446e-01  -1.9256e-02   2.1449e-01  -1.2967e-01  -1.4847e-01  -7.2023e-02  -2.3086e-01  -4.1762e-02   7.3875e-02  -8.6046e-02   1.6569e-02
   1.8983e-01   9.9008e-02  -8.8564e-02  -1.8174e-01  -2.5527e-01  -2.1373e-01   1.1157e-01  -2.6459e-02   1.5989e-01  -1.9149e-01  -1.1634e-01  -2.5454e-01  -4.6300e-02  -1.4946e-01   8.0357e-02
  -1.5868e-01   2.1540e-01  -1.5094e-01   6.3403e-02   4.1630e-02  -5.4722e-02   1.7355e-01  -1.4494e-01  -6.4894e-02   1.7619e-01   1.5959e-02  -2.5023e-01  -2.7492e-02  -4.9529e-02   1.9134e-01
  -1.1182e-01   7.3282e-02  -1.8869e-01   3.3772e-02  -2.4398e-01   9.9541e-02   1.4684e-01  -1.2975e-01  -2.6971e-02  -2.9825e-03   1.6776e-01   2.6310e-02   9.5545e-02  -1.9123e-01   2.0439e-01
   2.9263e-02  -2.2455e-01  -1.1181e-01  -2.5112e-02   2.1169e-01  -1.2373e-01   1.7513e-01   4.9681e-02  -1.2289e-01   2.1164e-01  -2.4417e-01  -8.8912e-02   2.2343e-02   1.9879e-01   6.5647e-02
   2.0873e-01  -9.9953e-02  -8.0564e-02   1.3873e-01   9.4719e-02   1.6333e-01  -5.6026e-03  -5.9935e-03  -1.8377e-01   1.3133e-01   1.3654e-01  -1.8067e-01   1.2811e-01  -5.1074e-02   2.0052e-01
   2.1399e-01  -1.3128e-01   1.9590e-01   1.5619e-03   2.5477e-01   6.6718e-02  -4.2928e-02   9.7738e-02   8.8378e-02   1.3020e-01  -2.2881e-01  -1.8746e-01   1.1560e-01   1.7021e-01  -2.6943e-02
   9.2002e-02  -1.1474e-01  -1.5359e-01   1.1021e-01   2.3138e-01  -1.8182e-01   1.6492e-01  -1.0672e-01  -1.7396e-01   1.3059e-01   2.3398e-01   7.4116e-02   1.4984e-01  -1.8530e-01  -6.3811e-02
  -2.4005e-01   1.4470e-01   2.3507e-01   1.3886e-01  -5.6550e-02   2.5678e-02  -2.4524e-01  -1.8344e-01  -2.2252e-01   2.0309e-01  -1.1922e-01  -2.7565e-02  -1.1800e-01  -1.8493e-01   1.2177e-01
   1.3033e-02   7.6301e-02   7.4989e-02   1.0652e-01   2.1280e-01  -2.1419e-01   9.7118e-02  -7.3397e-02   4.0774e-02   1.3539e-01  -8.2065e-02  -8.5289e-02  -3.6283e-02   3.3037e-03   1.1221e-01
   6.5084e-02   2.0075e-01   1.1117e-01  -2.4093e-01  -3.7846e-02   2.0886e-01  -2.0836e-01   4.2474e-04   2.3446e-01   1.2037e-02   2.4349e-01  -2.2954e-01   1.4846e-01  -2.3509e-01   2.3152e-01
   1.3327e-01   1.0984e-01  -3.7092e-02   1.0832e-01   3.1065e-02   5.3895e-02  -1.2178e-01  -1.9288e-01   1.5575e-01  -5.0913e-02  -4.3235e-02  -1.3566e-01   1.7730e-01  -1.1272e-01  -8.3454e-02
   7.8659e-02  -1.7833e-01  -3.0083e-02   7.4388e-03  -1.1135e-01   1.7627e-01  -1.9069e-01  -1.9093e-01  -6.4448e-03  -7.5129e-02  -1.9470e-01  -1.8144e-01  -1.4262e-01   2.4310e-01  -1.0999e-01
  -1.5353e-01   1.5990e-01   6.0905e-02  -1.4567e-01  -2.1428e-01   4.4505e-02  -1.0173e-01   1.0230e-01   1.6785e-01  -2.4127e-01   1.3237e-01  -4.3987e-02  -1.2102e-01   1.2362e-02  -8.0663e-02
   1.7267e-01  -1.6683e-01   2.5045e-01   6.9915e-02   8.9720e-02  -2.4823e-01  -2.3205e-01   2.5945e-02   1.1866e-02   9.2769e-02  -1.3274e-01  -2.4493e-01  -1.3474e-02  -2.4460e-01  -3.2279e-02
  -2.4516e-01   1.5676e-01  -1.9573e-01  -1.3271e-01  -6.5651e-02  -2.3883e-01  -1.6897e-01   6.7948e-02  -1.1546e-01  -1.5204e-01  -1.6694e-01   2.1931e-02   2.0650e-01   7.5799e-02   1.3426e-01
  -1.5621e-01   1.0731e-02  -8.7414e-02  -1.6698e-01   2.0248e-01  -6.4200e-02  -7.0762e-02   1.2181e-01  -1.6685e-01   4.4908e-02  -6.5777e-02  -1.3701e-01  -6.5877e-02   2.4095e-01  -1.2388e-01
   1.8192e-01  -1.5530e-01  -8.7418e-02  -2.3054e-02  -1.0723e-01  -2.5549e-02   8.2803e-02  -3.2743e-02   2.5383e-01  -1.5991e-01   6.5925e-02   1.1307e-01   2.4645e-01  -1.1579e-01  -1.8933e-01
  -1.9671e-01   1.2689e-01  -8.2597e-02  -8.3093e-02  -7.9914e-02   1.7731e-01   2.4138e-02   9.4922e-02  -5.3028e-02  -6.5447e-02   2.3568e-01   2.1914e-01  -2.3215e-01   1.3509e-01  -7.8793e-02
  -2.3035e-02  -2.2489e-01  -1.2273e-01  -1.0811e-01   1.8133e-01   1.7601e-01   3.9199e-02   1.0229e-01   5.5753e-02  -1.0459e-01   5.5182e-02  -7.7895e-02   2.4770e-01  -9.9555e-02  -8.7568e-02
  -1.3516e-01   9.9236e-02  -9.3390e-02   4.5135e-02   1.2153e-01  -4.7476e-02  -1.3021e-01   2.5352e-01  -1.8414e-01  -2.0067e-03   4.2965e-02   1.5005e-01  -1.8672e-03   3.7599e-02   2.4635e-01
   4.7998e-02  -4.6698e-02   3.1291e-02   1.4481e-01   2.1740e-01  -2.1554e-01   3.0158e-02   1.8805e-01  -1.6147e-01  -2.0471e-01   2.4251e-01  -7.5990e-03  -1.5901e-01   2.4219e-02  -1.4487e-01
  -1.5677e-01  -1.3916e-01   1.4964e-01   4.3864e-02  -9.0420e-02   4.5489e-03   5.4623e-02  -8.8068e-02   2.4081e-01   2.5014e-01   1.1766e-01   5.1999e-02  -1.8653e-02  -9.0851e-02   1.1633e-01
   2.2475e-02   1.5879e-01   1.1408e-01   6.6537e-02  -2.6790e-02  -5.8423e-02  -4.1535e-02  -2.8058e-02   1.5209e-01   1.1358e-01   5.7392e-02  -2.1587e-01  -2.2921e-01   8.0235e-02  -2.3874e-01
  -1.3078e-01  -1.0435e-01  -1.9213e-01  -1.1994e-02  -1.9567e-01   4.0702e-02   1.5553e-01  -2.9201e-02  -9.2268e-02   8.5367e-02  -1.4424e-01   8.1490e-02   3.6113e-02  -6.7415e-02  -6.5158e-02
   1.8085e-03   9.3818e-02  -2.1188e-01   2.1851e-01  -2.3585e-01  -1.4618e-01  -5.6740e-02  -1.1488e-01   6.4532e-03  -2.3023e-02  -2.1270e-01  -1.8704e-01  -1.2529e-01  -2.3636e-01   2.1872e-01
  -9.9630e-02  -1.7181e-01   4.4699e-02  -1.2629e-01  -2.5066e-01   1.8095e-01   1.0499e-01  -2.0803e-02  -2.1737e-01   1.4531e-01  -1.8629e-01  -3.8306e-02  -6.1342e-02   1.0015e-02  -2.2576e-01
   7.1914e-02  -2.3691e-01  -3.6719e-02   2.4597e-01  -1.7281e-01  -6.5322e-02  -2.5664e-01   1.0210e-01   2.1355e-01  -1.1408e-01  -5.1190e-02  -1.5398e-01   8.4874e-02   5.1108e-02   1.4276e-01
   8.7835e-02  -2.5814e-02  -2.3561e-01   2.2770e-01   7.6494e-02   8.6976e-02   2.5733e-01   1.5816e-01  -2.1886e-02  -2.8694e-02  -8.5525e-02   9.4042e-02  -5.5865e-02   1.2045e-01  -1.1428e-01
   9.7916e-02  -2.4310e-01  -2.5092e-01   1.2630e-01  -1.5598e-01   6.8192e-02  -7.8548e-02  -2.5829e-01  -5.7060e-02  -2.5272e-02   1.8085e-02  -1.5262e-02  -5.0236e-02   1.9966e-01  -5.0669e-02
  -1.2920e-01   3.7977e-02   2.5572e-01  -6.4435e-02   2.0840e-01   2.1475e-02  -1.0413e-01   1.0254e-01  -8.3252e-03  -3.3527e-02  -1.8229e-01  -1.5482e-01  -1.3624e-01  -1.4086e-01  -2.4024e-01
   2.2078e-01  -1.4375e-01  -1.9984e-01   8.7014e-02   1.4308e-01   5.4639e-02   4.0739e-02  -1.8169e-01   5.0940e-02  -2.4241e-02   1.7618e-01  -1.3277e-02  -9.4457e-02   6.0588e-02  -2.5612e-01
  -2.0802e-01  -2.2189e-01   2.2010e-01  -4.3640e-02   4.6725e-02   1.6840e-01   1.0842e-01   2.5259e-02  -1.9218e-01  -2.1082e-01   2.3428e-01   6.0306e-02   2.0748e-01   2.3566e-01  -6.5304e-02
  -1.6028e-01  -1.7298e-01  -1.3121e-01  -7.8943e-02  -2.3479e-01   2.9579e-02   1.5491e-01  -3.1671e-02  -2.4769e-01  -6.7309e-02   1.7986e-01   2.2778e-01  -2.2341e-01   8.7296e-02  -9.2407e-02
  -1.3164e-01   1.7718e-01  -2.3752e-01  -2.0719e-01   9.0037e-02   2.3466e-01  -1.0385e-01   1.9837e-01  -1.1881e-01   7.9000e-02  -2.2211e-01  -1.6470e-01  -2.7033e-02   1.5394e-01   6.8804e-02
   1.2891e-01   7.6298e-02   1.0045e-01   1.2528e-01   2.5828e-01  -1.7941e-01  -2.5603e-01  -2.8221e-02   7.3362e-02  -1.5311e-01  -5.4214e-02   2.0652e-01  -1.1353e-01   1.3140e-01  -4.1175e-02
  -6.9336e-02   1.1331e-01   2.3940e-02   7.6240e-02   1.7471e-01   1.1696e-02   1.6786e-01  -1.6023e-01   1.6291e-01  -1.9448e-01   4.9791e-02   2.4657e-02   1.4307e-01  -1.4093e-01   4.8204e-02
  -2.4316e-01  -2.1557e-01  -2.4405e-01   1.1704e-02   4.7979e-02   9.5147e-04  -1.8981e-01   4.7430e-02  -1.1264e-02  -1.0645e-01   2.0074e-01   9.3947e-02   1.6908e-01  -2.2191e-01  -1.6964e-01
   6.9870e-02  -1.1722e-01   4.5760e-02  -2.2590e-01  -2.3490e-02  -1.3287e-01  -9.6572e-02  -1.5987e-01   1.2605e-01  -1.0622e-01   5.1274e-02   9.9003e-03  -7.6745e-02  -2.0845e-01   2.1539e-01
  -2.6251e-03  -1.7642e-01   2.1756e-01  -6.5500e-02  -2.2806e-01   1.5404e-01   2.2931e-01  -1.7401e-01  -2.0640e-01   1.5151e-02   1.2703e-01   1.2078e-01  -5.9688e-02   5.2978e-02  -6.3843e-02
  -3.2279e-02   1.3790e-02   6.8051e-02   6.0576e-02   1.5208e-01  -1.1828e-02  -2.5254e-01   1.1888e-01   2.2659e-01   1.8161e-01   1.8199e-01   2.3196e-01  -1.9887e-02  -9.9985e-02   3.4247e-02
   5.7551e-02  -1.0840e-01   1.9209e-01  -1.1759e-01   1.0566e-01  -2.3586e-01   1.6956e-01  -2.2150e-01  -5.7716e-02  -2.2191e-02   4.4204e-02  -2.5431e-01  -1.6834e-01   1.0366e-01   1.1760e-01
  -8.4980e-02  -1.7802e-01   2.5265e-01  -2.5133e-04   1.1815e-01  -1.6336e-01  -2.3230e-01   3.4181e-02  -1.3801e-01  -1.1272e-01   2.3616e-01   1.3023e-01  -1.3289e-01  -4.2106e-02  -1.5487e-01
   1.6284e-01  -1.8353e-01   1.4004e-01   2.2017e-01  -1.7269e-01   2.1574e-01   1.9033e-01   5.2221e-02  -7.8075e-02  -1.4593e-02  -2.4911e-01   4.2301e-02  -1.4297e-01  -3.1986e-02   4.5663e-02

 Columns 16 through 30:

   8.5227e-02   9.6578e-04   1.2563e-01  -1.5989e-01  -1.1705e-01  -7.7206e-02  -8.5086e-02  -3.3529e-02   1.1179e-01  -2.3290e-01   2.4037e-01  -6.5158e-02   1.2940e-02  -8.4450e-02  -7.6588e-02
  -8.8921e-02   1.9894e-01  -1.1697e-01  -1.0876e-01   8.3738e-02   1.8165e-01  -7.4855e-02  -1.5659e-01   1.8707e-01  -1.0585e-02   8.0518e-02  -7.3340e-02  -8.0578e-02  -6.9452e-03  -2.2527e-01
   2.0614e-01   2.1894e-01   1.8668e-01   1.4237e-01  -8.6881e-02   1.1595e-01  -2.0479e-01   1.1278e-01   1.0906e-01  -6.8655e-02   2.0291e-01  -1.9604e-01  -3.1856e-02   1.0043e-01   2.5877e-01
  -1.5777e-01   1.0315e-01  -1.6226e-01  -1.6117e-01   1.6765e-01   2.4783e-01   1.8318e-01  -1.6692e-01   9.4308e-02  -1.9917e-01  -1.5165e-01  -4.2362e-02   1.8998e-01   1.0676e-01   2.4493e-01
  -2.3941e-01   2.4064e-01   1.5548e-01   1.2127e-01  -1.0721e-01  -1.4820e-01   7.9143e-02   2.4921e-01  -1.1811e-01  -2.4582e-01   9.5743e-02  -6.1539e-02  -9.2000e-02  -1.0061e-01   6.2481e-02
  -1.8540e-01   1.5646e-01   4.2400e-02  -1.2918e-01   1.7979e-01  -9.7852e-02  -2.4359e-01   2.0436e-01  -7.8592e-02   1.9120e-01  -2.1527e-01  -1.1539e-01  -1.5324e-03  -1.6792e-01  -1.9414e-01
   8.7664e-02   6.7539e-02  -8.3585e-02   9.7402e-02  -2.4956e-01   3.1716e-02  -1.6011e-01   6.4213e-02   2.3887e-03  -1.1181e-02   1.7698e-01  -2.5559e-01   8.8183e-02  -1.9258e-01   1.0699e-01
  -4.1307e-02   6.7284e-02  -3.4390e-02   2.5583e-01   1.7302e-01   4.8025e-02  -2.0696e-01  -2.3087e-01  -1.6198e-01   9.9555e-02  -2.0699e-01   2.4416e-01  -2.2690e-01  -4.1978e-02   2.5812e-01
   3.0409e-02   1.3842e-02  -1.8983e-01   2.3376e-01   1.3570e-01  -2.5400e-01  -2.5069e-01  -1.5581e-01   2.2271e-01  -9.8683e-02  -2.1979e-01  -4.5669e-02   2.5377e-01  -1.0062e-01   2.2031e-01
   1.2325e-01   2.0371e-02   5.9435e-02  -2.5148e-01  -1.8285e-01  -6.7255e-02   2.4817e-01  -6.0448e-02  -9.9633e-02  -2.8558e-02   4.9249e-02  -9.1931e-03  -1.6193e-02  -1.9141e-01  -1.9639e-01
  -2.3360e-01  -1.9657e-01   2.4310e-02   1.8960e-01   6.8225e-02  -1.8722e-01   2.0048e-01  -9.0417e-02   1.0387e-01  -2.0554e-01   6.9087e-02  -7.6724e-02  -2.2363e-01   1.2545e-01   2.0603e-01
   1.7782e-01   1.0692e-01   9.9639e-02  -1.6756e-01  -8.7325e-02  -6.7297e-02   1.1121e-01  -1.1798e-01   7.8083e-03   2.3967e-01   3.3555e-02  -1.6386e-01  -2.0852e-01   9.8557e-02  -7.4621e-02
  -8.5080e-02   2.2901e-01  -3.3863e-02  -1.3368e-01  -1.7471e-01  -1.6506e-01  -1.4931e-01  -1.2110e-01   9.7827e-02  -6.8532e-02   2.4716e-01  -9.2925e-02  -2.4503e-01   1.2177e-01  -2.2594e-01
  -2.1726e-01   1.9783e-01   1.5855e-01   1.7071e-01  -1.4002e-01  -7.9234e-02  -1.6063e-01   3.7001e-02  -1.0534e-01  -9.5328e-02  -2.1506e-01  -3.9762e-02   8.3163e-02   2.1166e-01   1.7275e-01
   1.7992e-03   1.6600e-01   6.8696e-02   2.0530e-01  -1.8797e-01   2.5158e-01   2.1431e-01   1.8211e-01   1.7522e-01  -7.7168e-02   6.2055e-02   2.2701e-01   1.0214e-01   1.4828e-01  -2.5230e-01
   2.0411e-01   1.2529e-01  -4.2379e-02  -8.5078e-02   1.9595e-01  -1.5642e-01   1.8094e-01  -2.1496e-01   2.3964e-01  -6.0841e-02  -2.4029e-01  -2.4256e-02  -1.0899e-01  -2.4327e-02  -1.4523e-01
   1.6577e-01  -2.0006e-02   4.8987e-02  -7.3760e-02   1.4008e-01  -2.3922e-02   4.0625e-02  -1.8488e-01   2.4820e-01   1.9851e-01  -1.6150e-02  -1.2321e-02  -2.0444e-01  -9.9742e-02   4.9733e-02
  -2.0449e-01  -2.4727e-01   1.0210e-01  -2.1820e-01  -2.0845e-01  -1.8482e-01   8.7737e-02   2.6876e-02  -1.9362e-01  -1.2205e-01  -1.6966e-01  -1.9689e-02   1.5155e-01  -2.3794e-01   6.4471e-02
  -1.4615e-01   1.8736e-02   1.8872e-01   1.5467e-01   8.9623e-02   3.5068e-03  -1.5242e-01   1.3864e-01   1.1869e-01  -9.2207e-02   2.4195e-02   1.5682e-01  -2.1201e-01  -2.9929e-02   3.5580e-02
  -1.2091e-01  -2.1783e-01   4.0151e-02   6.1570e-02   2.3436e-01   1.3733e-01  -1.6374e-01   1.4556e-01   8.5477e-02  -6.5632e-02  -6.0751e-02  -6.8269e-02  -1.7656e-01   1.6372e-01  -2.0593e-01
   2.1867e-01  -1.5711e-01   2.3406e-01   1.8771e-01  -1.1212e-01   1.2612e-01   5.6593e-02  -1.4062e-01  -1.6996e-01   2.3693e-02   2.4282e-01   2.3045e-01   9.9795e-02   1.6910e-01   1.3162e-01
  -2.8625e-02   1.1134e-02  -5.7961e-02   3.7228e-03  -4.2478e-02   4.6089e-02  -2.4161e-01  -9.1890e-02   1.6875e-01  -1.7245e-02  -5.9070e-02   9.6349e-03  -2.4096e-01   2.2095e-01  -1.2024e-01
  -1.4181e-01  -6.4872e-02  -3.3332e-02  -6.0416e-02   2.5962e-01   5.6664e-02  -3.9038e-02   1.5825e-01  -1.5929e-01   1.7295e-01   9.7694e-02   2.1050e-01  -3.5041e-02  -7.4581e-02  -1.6172e-01
  -8.6934e-02   2.2396e-01  -2.2125e-01  -1.6989e-01   5.6939e-02   1.7047e-01  -2.4675e-01  -2.0225e-01  -8.6763e-02   2.5821e-01  -7.9216e-02  -1.6562e-01   4.0374e-02  -6.3690e-02  -4.2808e-02
  -8.9618e-02  -1.9972e-01   1.1071e-01  -1.7359e-01   1.7135e-01  -4.0739e-03   1.1885e-01   2.0550e-01  -1.7832e-01  -1.0261e-01   1.6507e-01  -4.1141e-02   9.2692e-06   1.3547e-01  -1.8606e-02
   2.4636e-01  -2.2093e-01   2.1567e-01  -2.3151e-01   1.0166e-01   7.2097e-02   1.1420e-01  -2.1906e-01  -2.4811e-02   7.0416e-02  -2.6637e-02  -1.0249e-01   1.5009e-01   6.6031e-02  -8.0975e-02
   1.0907e-01   6.5670e-02  -1.9999e-01   2.4132e-01   7.5725e-02  -1.3210e-01   6.7774e-02   8.5257e-02  -1.3235e-01  -4.2102e-04   8.6673e-02  -2.5294e-01   1.8245e-01   9.8276e-02  -1.9373e-01
   1.4416e-01  -1.8760e-01   1.5064e-01  -1.7196e-01   5.1402e-02   6.8984e-02  -9.6257e-02  -2.5032e-01  -1.0687e-01   9.9968e-02  -2.1161e-01   1.3650e-02   2.1665e-01   3.8800e-03  -1.0893e-01
   1.3195e-01  -7.9878e-02  -1.1567e-01   7.3381e-02   1.2036e-01  -2.4015e-01   1.9538e-01  -1.2616e-01   1.4652e-01  -1.7901e-01  -1.8170e-01  -1.3459e-01  -2.4128e-01   1.0919e-01   1.0311e-01
   1.5286e-01   7.3862e-02   4.4589e-02   1.9630e-02  -1.9614e-01   1.1315e-01  -8.6330e-02  -1.3364e-01  -4.9793e-02  -9.4781e-02   2.1307e-01   1.0264e-01  -9.4185e-02  -8.4083e-02  -2.5938e-01
   1.2828e-01  -1.4394e-01   1.1170e-02  -5.7791e-02   4.4706e-02  -2.4551e-01  -7.3282e-03   1.0912e-01   9.3540e-02   1.4003e-02  -1.3857e-01  -4.8722e-02   4.4336e-02   5.0220e-02  -4.9334e-02
  -6.1097e-02   1.1124e-01  -9.2065e-02   1.1518e-01  -1.9281e-01   7.8573e-02   8.6011e-02  -1.9746e-01  -1.6078e-01  -1.8272e-01  -3.1503e-02   2.2751e-01  -2.3205e-01   1.5977e-01   6.9216e-02
  -1.2049e-01   1.0294e-01  -2.4201e-01  -2.2059e-01   2.5487e-01   1.7654e-01  -2.1786e-03  -1.0827e-01   9.4090e-02  -6.3800e-02  -1.0393e-01   3.0918e-02  -1.0452e-01   4.5264e-02  -1.2025e-01
   1.9627e-01   2.2971e-01   1.4530e-03  -6.1984e-02  -2.3568e-01   2.0495e-01   1.1281e-01   1.9107e-01   1.8469e-01   2.0248e-01  -2.3713e-01  -1.6410e-01   2.5266e-02   1.6460e-01  -1.1232e-01
   7.6369e-02   1.7947e-01  -2.3270e-01   1.6484e-01   1.5689e-01   8.6064e-02  -4.8407e-02  -3.8632e-02   5.5903e-02  -7.7824e-02   5.7162e-02   1.1406e-01  -8.9649e-02  -1.6366e-01  -1.6032e-01
   1.5538e-01  -7.4067e-02   9.9490e-02  -2.0504e-01   1.5197e-01   9.4027e-02  -2.4694e-01  -4.9033e-02  -1.3412e-01   1.9296e-01   2.1146e-01  -1.4820e-01   8.4962e-02  -1.0062e-01  -2.1201e-01
   1.9852e-01   2.1058e-01   8.7159e-02   9.9752e-02   1.0139e-01  -1.4881e-01  -5.7128e-02  -1.2632e-01  -1.1296e-01   1.1405e-01  -2.9482e-02  -1.9412e-01   2.3269e-01   2.2678e-01   2.2449e-01
   2.1603e-01   1.5999e-01  -7.3868e-02  -6.9617e-02  -1.3058e-01   1.5053e-01   5.0985e-02  -2.5457e-01  -1.5392e-01  -3.5034e-03   1.5608e-01  -2.2573e-02   2.2065e-01  -2.5011e-01   2.5115e-01
   1.5067e-03   2.4944e-01  -1.9070e-01   1.0934e-01   2.1678e-01   7.8232e-02  -1.3639e-01  -1.4374e-01   1.2585e-02  -1.1973e-01   2.0654e-01  -1.6043e-01   1.3928e-01   3.2644e-02  -6.0977e-02
   1.8492e-01   2.6745e-02   1.6752e-01   1.6672e-01  -6.3867e-02   1.6375e-01  -1.7415e-03   1.6573e-01  -1.7096e-01  -1.3790e-01   1.1376e-01  -2.2064e-01   3.7450e-02   1.2866e-01  -1.7144e-01
  -2.1758e-01   1.5919e-01  -5.7768e-02  -3.0829e-02  -2.4955e-01  -5.0111e-02  -2.4227e-01  -1.1748e-01   7.7588e-02   1.5763e-02   1.1616e-01   1.9819e-01  -5.9482e-02   2.3684e-01   7.1621e-02
  -2.0006e-02   2.0888e-02  -9.6124e-02   2.0015e-01  -3.8974e-02   3.0078e-02   1.5500e-01  -1.7145e-01   2.2277e-01   2.4250e-01   2.4050e-01   2.4379e-01  -2.4980e-01  -2.5736e-01  -2.0873e-01
   2.0437e-01   1.2271e-02   1.3465e-01  -2.3649e-01  -2.4176e-01   9.0635e-02   1.6975e-01   7.2778e-02  -2.5450e-01  -1.0686e-01   1.4753e-01   1.7023e-01  -1.8052e-01   9.0919e-02  -2.8521e-02
  -6.7343e-02   1.4906e-01   1.0092e-01   2.0092e-01  -3.5148e-02   1.3494e-01   1.2703e-01   6.5523e-02  -2.5076e-01   1.0523e-01   5.3429e-02   8.8979e-02  -3.8735e-02   1.5430e-01   1.8934e-01
  -1.3229e-01   1.0985e-01  -1.7164e-01   2.0571e-01  -2.4348e-02   1.6479e-01  -1.9989e-01   2.4397e-01  -2.2768e-02  -7.5617e-04   1.5505e-01   1.0298e-01   1.1094e-01  -2.3679e-02  -1.8364e-01
   1.1617e-01  -9.1339e-02  -1.8882e-01  -2.2940e-01   3.8566e-03  -5.8614e-02   2.2701e-03  -5.0589e-02   1.0756e-01  -1.9928e-01  -9.1262e-02  -5.2349e-02  -1.5339e-01  -3.6838e-03  -1.7898e-01
  -1.4045e-01   9.5998e-03   1.6122e-01   2.7208e-02   2.5696e-02  -1.2091e-01   1.4345e-01  -2.0632e-01  -1.0115e-02   1.9386e-01  -6.0908e-02  -1.4064e-01   2.2390e-01   1.2771e-01  -2.5177e-01
  -3.6771e-02   1.8739e-02  -6.9589e-02  -2.1762e-01  -1.8508e-01   1.9312e-02   2.0063e-01   3.9576e-02   1.2999e-01  -1.3585e-01   1.2662e-01  -1.8949e-01  -2.3433e-01  -1.5928e-01   4.8520e-02
  -1.8008e-01   1.5187e-01  -1.5302e-01  -3.0611e-02  -5.5356e-02  -2.1633e-01   1.9862e-01  -1.3341e-02  -1.0369e-01  -1.0782e-01   2.0277e-01  -1.6328e-01  -1.2368e-01   5.5888e-02  -2.0838e-01
   1.5691e-01  -1.4483e-01  -7.2458e-02  -7.0666e-02   1.8844e-01   9.5883e-02   2.2603e-01  -1.6214e-01  -1.3393e-01   2.1141e-01  -2.9210e-02  -2.3871e-01  -4.5686e-02  -1.9028e-01   5.4253e-02

 Columns 31 through 39:

   2.5853e-01   2.0037e-02  -4.2934e-02  -2.5805e-01  -2.0575e-02   1.3828e-01   1.4365e-01  -1.7914e-01  -2.2178e-01
  -8.8701e-02  -2.8196e-02  -6.2175e-02   2.1749e-01   1.7076e-01   1.5068e-01  -3.6889e-02  -2.4829e-01   1.8148e-01
  -1.5090e-01   2.8864e-02   1.3420e-01  -5.8081e-02   1.3162e-01   1.1501e-01  -2.1390e-01   2.2578e-01   1.9968e-01
   2.4291e-01  -1.4942e-01   1.6766e-01   4.2833e-02  -1.3337e-01  -1.8967e-01  -7.0983e-02  -2.0353e-01  -4.8437e-02
   2.1750e-01   4.3738e-02  -5.8000e-02   1.6938e-01   9.6553e-02  -1.9679e-01  -1.1594e-01  -5.5112e-02  -4.9083e-02
   4.7762e-02  -2.3337e-02  -2.0695e-01  -1.1022e-01   1.1238e-01   1.3398e-01  -1.1337e-01  -1.0947e-01  -1.5112e-01
  -1.1435e-03  -1.3598e-01   4.9512e-02  -4.9973e-02  -6.3031e-03   1.1908e-03  -1.8506e-01  -2.1362e-01   1.2553e-02
   1.1712e-02   2.3803e-01   2.4672e-01  -2.4317e-01   8.0635e-03  -3.0759e-04   1.3154e-01   6.4622e-02   1.4327e-01
   1.7872e-01  -2.1056e-01  -2.5455e-01   1.0328e-01  -2.5620e-01   2.3408e-01   1.0621e-01   1.3630e-01   2.0827e-01
  -2.0620e-01   1.9953e-01   4.3749e-02   9.9483e-02  -8.3608e-02   4.9529e-02  -1.6371e-01  -1.8341e-01   1.2421e-01
   3.5031e-02  -7.9962e-02   2.0963e-01  -6.4364e-03  -1.1664e-01   2.3682e-01  -2.2801e-01  -2.1417e-01  -8.6639e-02
   1.6440e-01  -2.4443e-01  -1.8490e-01  -1.8184e-01  -1.3220e-01  -2.4620e-01  -4.1171e-02  -1.7929e-01  -1.6614e-01
  -4.5493e-02  -1.5472e-01  -1.5383e-01  -1.6405e-01  -1.8681e-01   1.9070e-01  -2.0034e-01  -1.2731e-01  -7.8944e-02
  -1.4059e-01  -2.1334e-01   1.8521e-01   2.2154e-01  -1.3229e-01   1.7015e-01   9.8366e-02  -2.9916e-02   2.2113e-01
   1.3172e-01   6.1543e-02  -1.8552e-01  -2.4595e-01   1.0563e-01  -1.6248e-01  -1.3721e-02   2.0807e-03  -3.5222e-02
   8.1242e-02  -3.7095e-02   2.2630e-01  -1.5994e-01   1.0086e-03   2.0766e-01  -2.1016e-01   4.1402e-02   2.1749e-01
   6.8148e-02   1.2088e-01   9.8679e-02  -9.2833e-02  -5.2606e-03   1.0200e-01  -2.3144e-01   7.0205e-02   1.6063e-01
  -1.0101e-01   1.9420e-01  -4.1753e-02  -2.2362e-01   2.4687e-01  -2.5676e-01  -1.5729e-01  -4.2658e-02   1.7839e-01
   9.8562e-02   1.7391e-01  -2.3681e-01  -2.4314e-01  -1.0351e-01  -2.1879e-01   1.9999e-01   2.5886e-01   1.0398e-01
  -9.5255e-02  -7.9727e-02   1.8508e-01   1.9757e-01   5.5390e-03  -1.3667e-01   3.3599e-02  -1.3797e-01   1.6555e-01
   1.0013e-02  -2.3822e-01  -8.6669e-02  -1.4057e-02  -1.9103e-01   5.0273e-04  -1.4847e-01  -1.6355e-01  -2.1947e-01
   2.1362e-02  -5.0413e-03   8.4700e-03   1.1748e-01  -9.0974e-02  -1.0240e-01   3.8733e-02  -1.0330e-01   1.1786e-01
   2.2226e-01   1.9305e-01  -3.2819e-02   1.6872e-01  -2.0588e-01   1.9310e-02   5.5790e-02   9.7948e-02   2.2352e-01
  -1.6970e-01  -3.2008e-02   1.5620e-01   1.5740e-01   4.3339e-02  -4.9182e-02  -9.5819e-02   6.8018e-02   7.8381e-02
  -1.7568e-01  -2.1414e-01   2.5176e-01   1.5622e-01   2.4331e-01  -2.4320e-01  -6.0036e-02   3.7684e-02  -2.3572e-01
  -8.1990e-02  -1.8496e-01  -2.4444e-02  -2.2577e-01   1.6016e-01  -2.4999e-01   7.7808e-02  -2.1108e-01  -2.4669e-01
  -7.8197e-02   2.4563e-01   2.4785e-01   2.0892e-01   2.0705e-01   1.6382e-01  -2.1807e-03   2.1972e-01   2.1600e-01
   1.7892e-01  -7.7379e-02   7.3310e-02  -5.5904e-02  -2.0172e-01   1.0391e-01   2.4367e-01  -2.9920e-02   1.1486e-01
  -1.0304e-01  -2.4909e-01   2.0444e-01  -2.1064e-01   1.7746e-01  -3.9244e-02   1.0826e-01  -3.5611e-02   1.0102e-01
   2.0360e-01   2.5196e-01   1.3424e-01  -7.4181e-02   1.2933e-01   1.3364e-01   2.0197e-01  -7.7508e-02   7.9114e-02
  -4.5770e-02   9.0357e-03  -2.2975e-01  -2.4224e-01   2.2334e-01  -1.7145e-01  -1.6906e-01  -2.4546e-01   1.8819e-01
  -1.6983e-01  -1.1731e-01  -2.0329e-01   1.1421e-01  -2.0629e-01   1.2382e-01  -2.5751e-01   1.9228e-01  -1.4542e-01
   3.3678e-02   2.3218e-01  -1.6437e-01   8.9061e-02  -2.0704e-01  -9.7575e-02   5.1002e-02   2.2919e-01   2.2547e-01
   6.1393e-02   1.3758e-01   1.1651e-01   2.4666e-01  -1.1314e-02  -4.5558e-02  -1.0827e-01  -5.9574e-02   1.6252e-01
   2.3980e-01  -2.1804e-01   1.7063e-01   1.7988e-01   2.4325e-02   2.5256e-01  -9.5994e-02  -2.1852e-01  -3.4264e-02
   4.4549e-02  -9.4589e-02   9.3217e-02   1.5063e-01   1.0940e-01   2.2143e-01   1.9613e-01  -2.8011e-02   1.3178e-01
   1.8558e-01   7.9651e-02   2.5275e-02   2.1294e-01  -1.3525e-01  -2.5082e-01  -6.0408e-02   1.5585e-01  -7.2702e-02
   6.9050e-02   1.7908e-01  -1.0993e-01  -2.3936e-01  -1.7947e-01   3.8908e-02   1.9125e-01   1.9445e-01   1.3725e-01
   3.4334e-02   2.2758e-01   9.6789e-03   4.4968e-02  -1.2869e-01  -4.5994e-02   8.8911e-02  -1.6371e-01  -2.0705e-01
   2.5519e-01  -9.5109e-02   1.9652e-01  -1.5607e-01   2.2421e-01  -2.4671e-01   1.8764e-01  -8.1867e-02   2.5361e-01
   2.1680e-01   2.5047e-01  -4.2082e-02  -9.0577e-02  -1.8449e-02  -5.6004e-02  -1.5343e-01   1.0318e-01  -1.4623e-01
  -9.0592e-02  -1.1852e-04   6.9819e-02  -1.8227e-01  -1.6443e-01  -1.4526e-01   9.3454e-02   1.6401e-01   2.4138e-01
  -1.4958e-01  -2.6333e-02  -2.4920e-01  -1.1510e-01  -2.1812e-01   6.9405e-02  -4.6961e-02  -2.0096e-02  -5.9898e-02
  -4.4330e-02   2.4963e-01   2.2395e-01  -2.6479e-02  -8.2657e-02  -7.7292e-02  -1.6644e-01   5.6945e-02   2.1115e-01
  -1.7472e-01   5.9121e-02  -5.7269e-02  -1.9410e-01   1.6236e-01  -2.1700e-01  -9.6292e-02   1.4123e-01  -2.1487e-02
   2.5251e-01   2.1567e-01   1.7213e-01   2.5288e-01   2.3191e-01  -2.5579e-01  -1.3023e-01  -1.1969e-02  -5.6554e-02
   1.4467e-01   2.7850e-02  -1.9282e-01  -1.7119e-01   1.5259e-01   8.7452e-02  -1.8747e-01   1.0945e-02   1.8432e-01
  -3.7059e-02  -1.1922e-01  -2.4791e-01   2.2222e-01   6.1119e-02   1.9406e-01   2.1500e-01   7.1567e-02  -1.5764e-01
   1.2731e-01   2.0228e-01   3.9309e-02  -2.1702e-02   5.9959e-02  -6.8761e-03  -2.0532e-01   6.2007e-02  -2.1544e-01
  -1.2127e-01   1.2513e-01  -2.1385e-01   1.7113e-01  -1.7436e-01   9.4241e-03  -7.8808e-02   1.6250e-01  -2.2832e-02

initTheta2 =

 Columns 1 through 18:

   0.092158  -0.193285   0.286440  -0.097322  -0.225256  -0.128637   0.308610  -0.109150  -0.135713  -0.311514   0.230223  -0.179103   0.250074   0.014540   0.224744  -0.202884  -0.292769   0.219573

 Columns 19 through 36:

   0.114851   0.081252  -0.292307  -0.218896   0.101359  -0.073847  -0.315763  -0.282543   0.181378   0.202223   0.090320   0.041272   0.181659  -0.179667  -0.338716   0.217237  -0.060205   0.277626

 Columns 37 through 51:

  -0.173578  -0.057212   0.045149   0.231792  -0.124277   0.046691   0.231324  -0.025991  -0.123261   0.251260  -0.209192  -0.031345  -0.308402   0.209703   0.161342

%------------------------------------------------------------------------------------------------------------------------------%

Overall Accuracy before training (random initialization of parameters) - 45.6000

Test Accuracy before training (random initialization of parameters) - 57.3333

%------------------------------------------------------------------------------------------------------------------------------%

Training for 500000 epochs

warning: /home/arunk/Octave/Finance Oracle/fmincg.m: possible Matlab-style short-circuit operator at line 107, column 20
warning: /home/arunk/Octave/Finance Oracle/fmincg.m: possible Matlab-style short-circuit operator at line 98, column 50
warning: /home/arunk/Octave/Finance Oracle/fmincg.m: possible Matlab-style short-circuit operator at line 98, column 32
warning: /home/arunk/Octave/Finance Oracle/fmincg.m: possible Matlab-style short-circuit operator at line 118, column 26
warning: /home/arunk/Octave/Finance Oracle/fmincg.m: possible Matlab-style short-circuit operator at line 128, column 44
warning: /home/arunk/Octave/Finance Oracle/fmincg.m: possible Matlab-style short-circuit operator at line 128, column 32
warning: /home/arunk/Octave/Finance Oracle/fmincg.m: possible Matlab-style short-circuit operator at line 128, column 20
warning: /home/arunk/Octave/Finance Oracle/fmincg.m: possible Matlab-style short-circuit operator at line 134, column 27
warning: /home/arunk/Octave/Finance Oracle/fmincg.m: possible Matlab-style short-circuit operator at line 136, column 27
warning: /home/arunk/Octave/Finance Oracle/fmincg.m: possible Matlab-style short-circuit operator at line 140, column 27
warning: /home/arunk/Octave/Finance Oracle/fmincg.m: possible Matlab-style short-circuit operator at line 176, column 18
Iteration  4252 | Cost: 4.367490e-14 | Test Accuracy 40.0000
Test Accuracy - 40.0000 | with lambda - 0.0000

%------------------------------------------------------------------------------------------------------------------------------%

Training for 500000 epochs

Iteration  237638 | Cost: 2.946747e-02 | Test Accuracy 48.0000
Test Accuracy - 48.0000 | with lambda - 0.0050

%------------------------------------------------------------------------------------------------------------------------------%

Training for 500000 epochs

Iteration  84803 | Cost: 5.378105e-02 | Test Accuracy 48.0000
Test Accuracy - 48.0000 | with lambda - 0.0100

%------------------------------------------------------------------------------------------------------------------------------%

Training for 500000 epochs

Iteration  131367 | Cost: 7.430195e-02 | Test Accuracy 49.3333
Test Accuracy - 49.3333 | with lambda - 0.0150

%------------------------------------------------------------------------------------------------------------------------------%

XXXXXXXXXXXXXXXXXXXXXXXXXXXXXXXXXXXXXXXXXXXXXXXXXXXXXXXXXXXXXXXXXXXXXXXXXXXXXXXXXXXXXXXXXXXXXXXXXXXXXXXXXXXXXXXXXXXXXXXXXXXXXXXXXXXXXXXXXXXXXXXXXXXXXXXXXXXXXXXXXXXXXXXXXXXXXXXXXXXXXXXXXX
XXXXXXXXXXXXXXXXXXXXXXXXXXXXXXXXXXXXXXXXXXXXXXXXXXXXXXXXXXXXXXXXXXXXXXXXXXXXXXXXXXXXXXXXXXXXXXXXXXXXXXXXXXXXXXXXXXXXXXXXXXXXXXXXXXXXXXXXXXXXXXXXXXXXXXXXXXXXXXXXXXXXXXXXXXXXXXXXXXXXXXXXXX
%%%%%%%%%%%%%%%%%%%%%%%%%%%%%%%%%%%%%%%%%%%%%%%%%%%%%%%%%%%%%%%%%%%%%%%%%%%%%%%%%%%%%%%%%%%%%%%%%%%%%%%%%%%%%%%%%%%%%%%%%%%%%%%%%%%%%%%%%%%%%%%%%%%%%%%%%%%%%%%%%%%%%%%%%%%%%%%%%%%%%%%%%%
XXXXXXXXXXXXXXXXXXXXXXXXXXXXXXXXXXXXXXXXXXXXXXXXXXXXXXXXXXXXXXXXXXXXXXXXXXXXXXXXXXXXXXXXXXXXXXXXXXXXXXXXXXXXXXXXXXXXXXXXXXXXXXXXXXXXXXXXXXXXXXXXXXXXXXXXXXXXXXXXXXXXXXXXXXXXXXXXXXXXXXXXXX
%%%%%%%%%%%%%%%%%%%%%%%%%%%%%%%%%%%%%%%%%%%%%%%%%%%%%%%%%%%%%%%%%%%%%%%%%%%%%%%%%%%%%%%%%%%%%%%%%%%%%%%%%%%%%%%%%%%%%%%%%%%%%%%%%%%%%%%%%%%%%%%%%%%%%%%%%%%%%%%%%%%%%%%%%%%%%%%%%%%%%%%%%%
XXXXXXXXXXXXXXXXXXXXXXXXXXXXXXXXXXXXXXXXXXXXXXXXXXXXXXXXXXXXXXXXXXXXXXXXXXXXXXXXXXXXXXXXXXXXXXXXXXXXXXXXXXXXXXXXXXXXXXXXXXXXXXXXXXXXXXXXXXXXXXXXXXXXXXXXXXXXXXXXXXXXXXXXXXXXXXXXXXXXXXXXXX
XXXXXXXXXXXXXXXXXXXXXXXXXXXXXXXXXXXXXXXXXXXXXXXXXXXXXXXXXXXXXXXXXXXXXXXXXXXXXXXXXXXXXXXXXXXXXXXXXXXXXXXXXXXXXXXXXXXXXXXXXXXXXXXXXXXXXXXXXXXXXXXXXXXXXXXXXXXXXXXXXXXXXXXXXXXXXXXXXXXXXXXXXX

R5


